Accuracy[0.91620468 0.88538086 0.96029909 0.99526694 0.9881916  0.97014636
 0.99243264][[43803  8377     8     0     4     0   354]
 [ 2583 66322  1394     0    72     0    17]
 [   49   841  8027     0     1     0     0]
 [   12    49   622     0     0     0     0]
 [   40  1519    68     0   748     0     0]
 [   27  1554  2727     0     0     0     0]
 [  568   134    19     0     0     0  4365]]             precision    recall  f1-score   support

          0       0.94      0.83      0.88     52546
          1       0.84      0.94      0.89     70388
          2       0.62      0.90      0.74      8918
          3       0.00      0.00      0.00       683
          4       0.91      0.31      0.47      2375
          5       0.00      0.00      0.00      4308
          6       0.92      0.86      0.89      5086

avg / total       0.84      0.85      0.84    144304
