Accuracy[0.77954873 0.76406752 0.95583629 0.99526694 0.98354169 0.97014636
 0.97384688][[42337  9792     0     0     0     0   417]
 [19423 50754   211     0     0     0     0]
 [ 1960  1366  5592     0     0     0     0]
 [   41     3   639     0     0     0     0]
 [   71  2303     1     0     0     0     0]
 [ 1185   927  2196     0     0     0     0]
 [ 3336    21     0     0     0     0  1729]]             precision    recall  f1-score   support

          0       0.66      0.80      0.73     52546
          1       0.78      0.72      0.75     70388
          2       0.65      0.63      0.64      8918
          3       0.00      0.00      0.00       683
          4       0.00      0.00      0.00      2375
          5       0.00      0.00      0.00      4308
          6       0.81      0.34      0.48      5086

avg / total       0.69      0.70      0.69    144304
