Accuracy[0.83687909 0.81979017 0.96844162 0.99526694 0.98501774 0.97060373
 0.98451186][[36858 14738     2     0     8     0   940]
 [ 7152 62696   302     0   189    20    29]
 [ 1132   774  6967     0     1    44     0]
 [  269     0   413     0     0     1     0]
 [  134  1794    36     0   411     0     0]
 [ 1374   953  1850     0     0   131     0]
 [ 1212    54     0     0     0     0  3820]]             precision    recall  f1-score   support

          0       0.83      0.69      0.76     52546
          1       0.77      0.89      0.83     70388
          2       0.73      0.78      0.75      8918
          3       0.00      0.00      0.00       683
          4       0.67      0.17      0.28      2375
          5       0.67      0.03      0.06      4308
          6       0.80      0.75      0.77      5086

avg / total       0.78      0.77      0.76    144304
