Accuracy[0.92409774 0.91172109 0.98151125 0.99745676 0.99081107 0.98283485
 0.9908665 ][[45056  6986     2     0    19     3   480]
 [ 3343 66191   359     0   298   194     3]
 [  494   306  7487    11     3   617     0]
 [   85     0   225   329     0    44     0]
 [  275   690    39     0  1369     2     0]
 [  719   284   612     2     0  2691     0]
 [  559   276     0     0     0     0  4251]]             precision    recall  f1-score   support

          0       0.93      0.85      0.89     52546
          1       0.89      0.94      0.91     70388
          2       0.86      0.84      0.85      8918
          3       0.96      0.48      0.64       683
          4       0.81      0.58      0.67      2375
          5       0.76      0.62      0.68      4308
          6       0.90      0.84      0.87      5086

avg / total       0.90      0.88      0.89    144304
