Accuracy[0.72299451 0.69590587 0.95264858 0.99526694 0.98354169 0.97014636
 0.97528135][[24123 26896    37     0     0     0  1490]
 [10382 58162  1694     0     0     0   150]
 [ 1798   693  6427     0     0     0     0]
 [  527     0   156     0     0     0     0]
 [  180  1971   224     0     0     0     0]
 [  698  1399  2211     0     0     0     0]
 [ 1210   697    20     0     0     0  3159]]             precision    recall  f1-score   support

          0       0.68      0.45      0.54     52546
          1       0.65      0.83      0.73     70388
          2       0.60      0.72      0.65      8918
          3       0.00      0.00      0.00       683
          4       0.00      0.00      0.00      2375
          5       0.00      0.00      0.00      4308
          6       0.66      0.62      0.64      5086

avg / total       0.62      0.63      0.61    144304
